pathStart = #'(
    (M -0.0002496 0.72211449)
    (C -0.0002496 0.72211449 1.97353590702 2.2953056 2.3640189070199997 2.6311482)
    (C 2.702207 2.9220137 3.4315411 2.185533 3.2018007 1.9309118)
    (C 2.992187 1.718216 0.86545999 0 0.86658549 0)
    (C 0.86658549 0 2.9495123 -1.6717892 3.1937539999999998 -1.8947996)
    (C 3.4789443999999996 -2.1551992 2.6757286 -2.9105102 2.3691337999999997 -2.6413624)
    (C 2.0363879 -2.3492576 -0.00024960702000020873 -0.7241839400000003 -0.00024960702000020873 -0.7241839400000003)
    (C -0.00024960702000020873 -0.7241839400000003 -2.0773576 -2.3921776 -2.3542664 -2.6288903)
    (C -2.6800162 -2.9073542 -3.4856747 -2.2252259 -3.1710806 -1.8746829)
    (C -2.8731071 -1.6003893 -0.85877921 0 -0.85877921 0)
    (C -0.85877921 0 -2.7291507 1.5335068 -3.1767066 1.8870645)
    (C -3.5138102 2.1533677 -2.6598198 2.9041958 -2.3746102 2.6660029)
    (C -1.9557768 2.3162141 -0.0002496 0.72211449 -0.0002496 0.72211449)
    (Z)
)

-----

pathEnd = #'(
    (M 0 2.5219147)
    (C 0 2.5219147 0.6469287 2.7271228 1.3642795 2.6667984)
    (C 2.0905404 2.6057244 2.8507442 2.3056779 3.137879 1.5251066)
    (C 3.4415463 0.7894177 3.040106 -0.09283095 3.041231 -0.05189215)
    (C 3.041231 -0.05189215 2.8269881999999997 -0.61459235 2.3354269999999997 -1.1296298)
    (C 1.8668722 -1.620562 1.5611962 -1.8543781 1.1626756 -2.0696475)
    (C 0.4284061 -2.4662787 -0.0303344 -2.5858478 0 -2.5687023)
    (C 0 -2.5687023 -0.4948721 -2.7799063999999998 -1.4354839 -2.7141834)
    (C -2.0866711 -2.6686834 -2.8382604999999996 -2.3279609 -3.1364609999999997 -1.5870831)
    (C -3.4320996 -0.8351706500000001 -3.0648589999999998 -0.0489624500000001 -3.0648589999999998 -0.0489624500000001)
    (C -3.0648589999999998 -0.0489624500000001 -2.8752525999999996 0.4473179499999999 -2.4591524999999996 0.9300194499999999)
    (C -2.1450602999999995 1.2943854999999997 -1.8205274999999996 1.6222258999999999 -1.2516500999999995 1.9655729)
    (C -0.5325431 2.3995914 0 2.5219147 0 2.5219147)
    (Z)
)
